d9zipzy,https://www.reddit.com/r/opiates/comments/5cuk7w/tar_and_ecp/,t3_5cuk7w,I would say do a tester.,chilltownb,1479104504.0
d9zk74u,https://www.reddit.com/r/opiates/comments/5cuk7w/tar_and_ecp/,t3_5cuk7w,Tar can be just as potent if not more then ecp  depending on how well it was made due to higher levels of 6monoacetylmorphine which is stronger then straight diamorphine. I'd say start with your usual amount to gauge the potency first. I'd take good tar over ecp any day,Cheebster1,1479108239.0
d9zuink,https://www.reddit.com/r/opiates/comments/5cuk7w/tar_and_ecp/,t3_5cuk7w,"uhhhhhhhhhhhhhh fuck NO? Idk where people get this thought that tar is generally weaker than ECP. Sometimes it is, but sometimes it isn't..it REALLY depends on where you live and who you get it from exactly. I've only used tar in my time of using apart from twice I tried ECP, and the ECP I tried was just as good as the best tar I have found in my area..Do a tester dude.",drbea,1479136054.0
da0882d,https://www.reddit.com/r/opiates/comments/5cuk7w/tar_and_ecp/,t3_5cuk7w,deleted  ^^^^^^^^^^^^^^^^0.2819  [^^^What ^^^is ^^^this?](https://pastebin.com/FcrFs94k/58954),,1479153441.0
da044bi,https://www.reddit.com/r/opiates/comments/5cuk7w/tar_and_ecp/,t1_d9zk74u,This..  do your normal amount.. a lot of ppl like the 6-mam high better anyway,slinkmeister,1479148488.0
da049o4,https://www.reddit.com/r/opiates/comments/5cuk7w/tar_and_ecp/,t1_d9zk74u,Ive seen some batches of bth get sent off to the lab and most of them barely have any true diamorph in them at all.  All the ones ive seen had lots of 6-mam tho... and none of the batches were bunk fwiw... they all gave very enjoyable rushes/highs imo,slinkmeister,1479148665.0
